statistic,2022,2023,2024,2025,2026,2027,2028,2029,2030,2031,2032,2033,2034,2035,2036
number_of_obs,1500,1500,1500,1500,1500,1500,1500,1500,1500,1500,1500,1500,1500,1500,1500
standard_deviation,10.78,9.51,9.4,10.31,10.99,11.31,11.39,11.72,11.71,11.75,11.96,12.39,12.68,13.08,13.52
coeff_of_variation(%),315.77,293.74,271.8,262.25,252.37,242.87,231.68,224.27,217.68,211.87,205.15,200.94,196.77,192.52,190.4
minimum_value,0,0,0,0,0,0,0,0,0,0,0,0,0,0,0
2.5th_percentile,0,0,0,0,0,0,0,0,0,0,0,0,0,0,0
5th_percentile,0,0,0,0,0,0,0,0,0,0,0,0,0,0,0
10th_percentile,0,0,0,0,0,0,0,0,0,0,0,0,0,0,0
15th_percentile,0,0,0,0,0,0,0,0,0,0,0,0,0,0,0
20th_percentile,0,0.01,0.07,0.1,0,0,0,0,0,0,0,0,0,0.04,0.05
25th_percentile,0,0.05,0.24,0.3,0.3,0.11,0.07,0,0,0,0,0,0.03,0.19,0.22
median_value,0,0.17,0.36,0.55,0.68,0.85,1.02,1.2,1.35,1.28,1.29,1.14,1.09,1.13,1.13
mean_value,3.41,3.24,3.46,3.93,4.36,4.66,4.92,5.22,5.38,5.55,5.83,6.17,6.44,6.8,7.1
75th_percentile,1.28,1.06,1.22,1.34,1.54,1.79,2.15,2.41,2.6,2.76,3.22,3.74,3.89,4.39,4.99
80th_percentile,2.5,1.93,2.05,2.24,2.68,3.03,3.39,3.98,4.56,4.93,5.62,6.55,7.36,8.36,9.59
85th_percentile,4.22,3.56,4.09,4.46,5.27,6.98,7.67,9.04,10.09,11.66,12.74,14.34,15.98,17.72,18.76
90th_percentile,8.49,9.02,10.18,12.2,14.47,15.56,17.13,18.18,19.23,20.2,21.77,23.43,25.3,26.88,28.87
95th_percentile,18.61,19.26,21.44,24.1,26.86,28.9,30.58,31.48,31.69,32.55,34.12,35.16,36.37,37.77,39.55
97.5th_percentile,32.69,30.23,30.53,33.66,36.85,39.04,40.29,42.18,39.44,40.25,40.79,41.75,43.44,44.82,45.92
maximum_value,100,86.64,94.47,100,100,100,100,100,100,100,100,100,100,100,100
